$ANSIBLE_VAULT;1.1;AES256
30623931376131336262323331333466653231393165623161376662363031393839613639366139
3336363530643430353536313431616436623261313339300a643764383434626636623739393939
31313662383039306232633238353564353833333335353730353932396333626633393262656230
3861366437646431660a383036656531373761396231323432653237663133626638373964616239
34653431316362353630663338303430653763346664343134626137343933656533663039316662
30666536353363306638313835623236326331333736613231326534643762613338333266346562
64373837333665646265376536663339623733353330373231636132613832396330353732346330
33333633356566343337323431613633333830663334343231346330393632353165353437656164
65326464386138623539353366343061663133323237386133313335616235393432313361313332
31336237383437343831363434383165666433353237366231333763343730663165386362656661
30353461306534346438346536313434303461323839363931396163326439373038323430373738
39633262333435383039613332646565396639396536373937653764376339376434353537353130
36333234353862326532343935326331613635393466633564366565393261623862326534653731
62383633653736356339613630313761313636303161356463623166663331316537343336656137
38313939653836663665356632666632643965393632363861316632393234663465336131623761
63656332663064623637383164636432303835633134656464636364353765663563636236306132
3836